58215878
56760592
68727346
62410783
59939328
68751021
67521399
54052968
49814536
68084998
67830896
41087874
67266433
67342658
67473973
65532983
55454422
67774369
68230158
39929907
48298892
55935740
52008440
52924279
67382109
59394408
50048261
50903352
68229008
55352702
68369564
49476048
68358471
68224690
66486936
49851273
55844144
55775596
68487719
69205341
50710560
60711815
47192416
50516905
64991970
39463585
51200942
68475144
51324098
55856197
67750348
59836457
64085303
49202727
67657090
67850723
47768174
55650352
69419593
67411335
59420107
63996766
48329295
66662374
68478126
46728189
66624906
68401622
69305726
68550031
63318230
69948197
66416207
62427360
48336016
64844838
57858809
69009939
68436328
65301329
59304153
46852905
69002279
53031340
55589505
65433208
66701216
68220915
46970842
65952728
63551960
49434346
55439741
54977508
63496953
62371113
66549820
55545999
67868683
62428380
51555365
58590523
62931387
68408334
65567196
52041217
47986763
65815007
44390892
55703574
55944795
56749316
69781451
48171807
64662557
51197089
68367919
64821830
56837944
63951044
55905073
64418774
52065302
55798670
60531662
50648940
64349723
63038335
47688118
47722345
56063081
48870963
66555935
69232628
65370778
57572944
58592901
52393917
59393905
56757646
65059620
50438103
69632369
69759917
60038146
55656896
63454739
49082753
64242643
65351059
55195346
66316031
57344501
40961259
49424388
59345504
65619890
60331989
68873791
69617017
69031714
57719092
54310141
51744911
69801466
51795019
69457473
47562986
68146027
66496603
54626916
65776063
65797311
68936931
55631717
51220710
57564475
51290815
59322103
49948316
54826543
68789281
68697037
66230955
69402829
66989223
