15858493
45135341
62328634
38552135
69698083
55871303
56420322
29723051
68463439
46852447
60944211
69563822
58321198
28407462
50067787
33748848
60061713
69486647
36215625
66269041
27134486
47448813
46248402
59037982
52397200
56245259
50279788
35624575
55574479
55801236
56452817
19034978
20182679
24038744
57017970
58934239
29864652
46657346
63356217
61909762
50016520
59928884
58974588
52911126
47617317
59506190
57875013
54418723
57725750
51575626
50114339
53605123
51172661
62600603
56626522
57001027
59715997
48505619
54826911
44012820
53929943
34648503
54246477
55922915
53101014
30340132
68767691
43678580
49167054
60541153
48642220
49787359
33357157
64458965
46744740
17626290
42323106
67389577
62099378
57988787
54129420
24184421
61603266
36241394
59889449
62669036
42277064
69579639
56470190
63299289
67363278
37344950
65635856
47279232
68370937
34986111
51430844
52310488
69328697
65154869
48735229
57907936
16986994
60963692
43802422
59670552
68759922
17810839
31629742
63837337
51152623
57068478
40660324
41100895
69258335
53683047
32326681
43799389
33121235
68819391
20763663
68784414
66381568
47297654
65490110
27322651
53189833
36760230
66825546
21725505
32658819
52850197
62127515
59430083
57880261
33440958
37107977
63172484
38406903
56028882
68969512
68958810
19327889
67612861
66789490
29896132
47596127
59736624
44050180
44384714
65202850
19429651
53788150
52231176
59068883
53231682
41113922
65988393
26486507
60242012
20172518
35545589
53339902
68383035
57334719
59376272
65963241
21694406
63172318
60295922
59188832
38845517
68795083
53649939
59735519
33094762
56835866
57321512
64374083
69038860
67712095
47479850
38753290
48104205
33767781
61448612
24875497
65829398
62516740
62565469
68010019
61613802
59736189
33885772
44327253
61848220
57599986
60467309
65756347
31934967
59768809
51679581
36476647
53968462
26267813
52955508
54727573
48838033
60647444
69202622
48324884
50936748
63134791
35594619
54550898
45812015
20912291
34417727
30467414
52361336
69611511
63333393
44327306
19535472
67447358
59731744
33560051
24857416
63951089
43709262
49975370
59491347
66734622
58748823
54445241
21199564
66333048
65909052
63459757
35146485
39335125
64762301
61771768
38210771
58354847
61683306
56387491
52470566
69387170
55381979
65813151
67007853
64355512
64619724
62065993
61308944
49526700
64373367
69677924
67293960
28643328
53268979
65753139
57539573
38229031
47111096
47110990
39276186
56890637
31955877
57796583
21964562
48802091
59890533
59563817
38337940
33817365
62739823
68409752
50017686
50280110
38796722
63586540
66174390
67741544
39605609
52767256
52368566
40479009
63289523
34041059
27215429
34086860
47498112
62653590
68626100
49002696
58531701
56759559
39630793
61115059
42782378
28402010
68796220
66228468
39697786
34383224
45839220
46885936
59394747
38662997
61238794
46903668
68347140
57810061
61011597
31980528
49549126
39511682
55958185
64130866
47678066
69961531
57824049
65859371
17584917
61219230
63221143
17829422
67099755
68613183
60672061
49813202
60956513
37562115
54281282
68600015
50089922
28022738
61062558
55349807
34980582
68069374
42274988
53849681
55143407
69606699
59029437
62377770
34717110
50203385
63020167
60770443
54395881
61983323
51441593
48696031
67413157
34706570
52659333
37605088
47958082
49485902
65644388
63049802
53876298
19922761
34135248
35334342
59140863
50065904
66092780
19358941
56443743
48129103
56757698
39812219
57990881
17852907
45927596
43606001
67088906
21492711
31039582
50971481
56671926
65980100
46070733
61473297
20901835
50697652
48780325
56140501
54814926
63597852
46651467
67063143
52393178
68869838
37887879
53749160
65521256
51506562
27788529
49082847
60456345
62422318
39667795
34920707
46188097
65624960
64320902
50553327
46726843
51814689
45282903
43599819
58117750
30912917
48785621
31540535
62521533
64493446
67660973
64126609
56595352
47942578
43997263
17169317
68608738
52903068
60564385
60709034
57218172
53842869
43480802
61252714
63607983
27859622
45763001
69651642
49881886
56437620
30793025
46297038
59287800
63193271
63477154
53027708
59848638
59132993
68745201
45076277
58494800
50612065
66540884
54427245
68495597
56734920
52490007
63456267
59420552
66149186
62692478
28580192
53142377
59985132
63310061
24044667
35298488
62167307
62344387
62466316
47961344
17658790
58726465
54932924
49100329
61196493
34543246
58968008
25547324
17081264
66477804
67590238
47409907
53765651
47453439
67839063
57185060
48484151
64654642
69578582
60502470
64719406
69494008
54967886
68326175
34908816
69130878
30817247
50518031
34464933
34465913
42981497
64508040
68364694
52658996
65284264
18645520
64476905
68252931
52219723
51983649
67231130
49974033
61293281
58013908
59244243
59668160
47504489
69557753
39878362
58063154
37746688
61706947
56846804
22506554
34391791
58441239
28621070
47711263
66968462
63719308
55534981
53137975
34589778
64030236
62412719
66186702
64579204
28198830
65506204
53894397
65366577
51603797
45074086
46901506
30945537
65426112
60229441
30125269
69571599
65361430
58975214
57319805
43995306
14945606
56863531
27986607
59976908
31290279
59975264
67300203
49491374
17628098
46237105
17380266
53997760
48173216
59628680
61399520
53092656
47937998
50134423
59675355
50123926
53539880
44637888
57687473
46572485
62547320
42786554
64504259
49847218
52075900
52284434
49431969
49115199
38669739
52733155
57055782
68910166
67418045
47798121
37094767
67059614
20874141
65169424
61864535
68968566
38885464
28944972
30993746
19219582
58279690
38592081
49758269
68956642
67681645
55251895
43143374
59135096
58600151
56904567
61990184
56105302
51826211
65755006
34984627
69135900
20486558
64892597
41432989
68813925
59416988
64841287
33998989
34768100
24562940
42975956
26068177
38300950
39665068
27727399
21032743
57668153
38396363
58627774
62531422
59862061
44427165
50460793
68562101
25375046
65387255
49911960
56947166
26305786
43171224
45084799
29979342
68508635
29969794
27642474
37108446
64646771
46321523
60079257
57592150
60261883
56439648
64459099
68418642
35799634
67488404
64842703
68567971
62805624
66637353
63219787
67306860
43888103
68560246
47286451
40191443
39219005
59666927
66677594
45950142
58235534
69555671
49461310
51444774
68783740
40844576
63380475
43868931
50051012
67552401
34773159
68144615
63144479
47281686
59475848
53873313
55039540
42133713
51426786
59228759
58744771
63827641
61009460
57210428
63430287
49258598
31357873
59902295
68423395
56323677
63734116
67325378
48226648
69316570
48430086
44209909
53931261
64167199
43712643
68547835
59604709
50381270
48725179
66204369
54983864
32406727
65345554
65212421
60909839
69183168
67509800
54993156
62983399
28334623
46434500
60852137
64464785
65986018
68357982
57336889
49845750
63124606
56037257
55458374
29511128
60220186
48713626
67888714
58295137
55882061
43742113
64986904
56783189
62076824
59005916
31873293
50596435
60705498
68574497
58010825
50991511
29380206
59115239
38021001
54844029
22300058
52211866
41572765
26879483
55593290
60691684
54932369
26570484
65189434
67589764
20784373
67323267
50149263
36076005
61689559
64843771
63872193
38632960
52648374
24249508
49595392
47973472
43643093
60839903
57142003
63363301
61681260
31609137
57028687
69372591
62641055
38427990
63512741
58309988
47676491
69775463
68259548
33054369
68301389
48161402
56098308
62405867
62494804
69315658
68172819
48645446
46757905
33930999
49583872
59577572
54204301
68917861
61771390
55742059
66857387
57330409
40366760
22052233
36928724
23851830
30732470
57388178
26922896
58422433
62053270
67709378
63292373
51759029
44610446
55785158
68824726
68245914
30831431
62260289
29141265
66780945
36881869
20343463
65739054
69394708
62127628
39853254
67452642
49331854
30788159
47868343
68865649
45822134
62039464
60889658
58423331
31452741
32787774
64777577
59148612
63838851
59315368
45159332
67255303
55410593
23432709
66499917
43475469
47913877
68971125
60586293
46377665
69823985
66161811
60836556
44100083
58123218
48391294
52046964
54341245
47323410
62342165
50840072
66076583
18668964
48151130
29986862
59179411
35946659
38687507
60268752
63776496
21874894
45082565
47130519
50054486
47037848
58621769
66920434
27467825
65186150
50252931
46645346
52631798
66808929
68078636
66431923
48476906
50540439
63493670
55595371
47062976
64478228
38135078
61088903
57766665
33521593
22279618
60340553
20855771
58208973
23320014
66568523
64391634
30566497
61519834
26134762
68382934
69306301
59203017
49901065
57930724
40443378
47592119
66427328
66520751
66808363
48162247
29597389
64376494
60436832
58562530
68526351
41556128
60322464
60708416
63726674
67746636
39837625
43241763
67085611
62878938
66265572
21184383
50519263
55466869
68077237
20853908
66890045
60898873
59749599
60747153
44309365
43088827
48991968
64652136
47735258
65179391
63726565
64950497
38363588
31466756
56954848
62554000
67336556
46254789
47977387
34911555
62831241
40943622
64669500
59647736
44312251
51621936
28268230
49929899
54525995
59809316
54702978
54377973
69821402
48554251
63491747
37876150
63204229
39464474
60878450
62019486
46171328
60255819
49689881
59768206
52835420
57615963
66261868
30792063
33255340
59927945
60392356
49722573
30411570
51851500
51266206
31042803
47328060
20575704
48680395
69910506
34757870
17819192
43429403
19923549
49561344
60184897
48312905
34477182
48745385
43255424
66779059
49361223
34209087
57799834
59567633
53103343
63708041
67646110
56982918
67537608
41949633
39723292
36701792
42969855
68687245
68918925
67463269
64729106
52325384
56207097
60318481
17924406
61447754
64854510
54905159
59891618
69707191
54538251
66816183
60740914
65610985
47901405
24290825
52675190
37754246
39754515
69432026
66680856
31145024
48828007
65575780
57570856
68748491
40707223
65626120
68879569
65195784
68643970
58309442
44996234
46476987
49193184
42076285
47392545
52528159
56246023
58270895
60460532
61219753
50852748
56328080
50514734
52253236
69788951
63211453
39792402
58361395
60069571
56760564
57155729
50401761
57803527
59213183
57034355
62384761
68210578
56185562
27747393
23830322
53180396
43789320
68847836
57225530
57559391
64853531
58702561
51630978
60193409
48165517
51441341
67589832
59096437
58167629
65239108
60286248
47748306
20935916
65315144
48404208
28775935
46095906
36869779
47279279
59463909
23929311
62341370
56079232
68041364
34450307
46635872
64341522
62911683
48101372
64903602
52015722
44285428
54954035
50908211
67363388
29433690
66549605
64229848
51101812
48570585
68972928
44091278
63598659
50603385
51819200
66282295
25458008
50990535
64498697
35493710
68547256
68313350
54647084
44999748
59250302
60166661
20030685
46177537
67040445
63457269
66930102
67996371
51754760
29331251
65676863
53336766
66090573
55045145
58933512
59993762
36341028
51170997
65783461
33160814
58543690
59361214
49391374
69281484
63170318
68850352
52304329
51080547
21046439
46752773
64700475
66473448
22919607
55868928
62968647
40026592
31859613
50954741
47415792
67711346
53673053
49928980
51125734
37768246
54867612
61070602
58919342
56728356
56648764
65174248
42269148
49636923
53457055
34652678
60604906
49732407
54553250
29440243
51025487
66298615
41702695
23179322
60328420
34006371
59377756
68162490
66094747
53513519
59008723
51649926
58021607
59451409
44493727
47984424
65676755
63591062
66593744
60834747
56991038
61753711
66289147
65485982
69844625
65505344
59294424
53890164
52223770
65646494
60073384
55719938
64058911
60934429
66998886
37990824
47144115
32986100
69877122
63155503
23452820
59961003
60286242
69463180
53084752
65113707
43716914
27789593
62747930
61166207
65486370
43890805
20324760
25547279
69083709
43466343
68397795
59005449
61239038
47694746
42942624
47333294
59988862
51020598
48930342
62320905
68247427
53189590
51746671
59953869
26915775
50604698
50497786
51657202
40950987
20246943
48238995
35085472
65600470
44204879
63493446
47846191
32295821
45266605
63846312
65095989
59694686
66228356
57562995
38610093
46648632
59312309
67771785
47634791
67244193
50195458
53081759
48430729
52728940
34263569
63462894
35595337
44891276
43561097
52261482
52207120
51301142
58124171
54575851
69726925
35226987
48750011
55001453
49579726
62922167
34677487
61158759
50106547
44857091
65052320
57039380
65005919
58353357
67091711
49046161
39187983
33624044
57463004
69793436
55530711
26357702
63561360
59245208
60076792
67562173
30556040
56899288
56321274
46118945
59732345
51585727
50485526
66871496
54520078
50710436
40526443
51077569
68251780
65853997
68910623
41210403
36461076
47518282
36330227
55332276
47907606
35046146
60773710
66961564
69651183
58971104
39362610
59815099
30639511
41424548
31765496
67650266
59861089
66045683
56339213
54161440
21635016
58576705
52309542
68515547
25142084
61577658
55790607
65047788
63104855
58941843
33116799
67824369
22739552
53874183
58315833
55490122
59434252
64976941
60488748
69080167
60073402
20914518
57223133
64379401
58778004
42173754
58544757
52826748
26530773
69434955
32289407
64420155
53873232
67830383
65505249
64072204
40249356
60135165
54458068
63975391
61735395
59539357
58350800
60307405
55288993
45421683
67353727
59525366
42962599
32699025
24892623
58546747
25879501
60679010
42674976
60623990
42702118
55640088
41595251
46132928
64530928
64414035
60203799
57497152
16872765
42334608
67383016
37388226
47509890
61721276
49265548
58700763
21667089
64231304
31377879
54377292
58605241
66337975
43468472
54949719
58905845
58038201
57397810
33730519
58710271
68938386
31965615
60140950
63504605
69345046
68909993
39366883
60273752
56681255
63313239
48999097
35536478
65066445
19172011
42606343
69045483
52483524
60720184
33469001
31470664
50410689
59024814
60984557
58043340
46913878
47056404
47408928
20188850
55004428
44695941
35189296
64893969
67137154
68254753
48561453
46586551
19393284
69137918
62755344
46081290
69771258
66360464
61899144
27593450
28617955
63620011
59179673
51163243
48714236
54416191
68849425
68727327
68460603
23320171
52204628
66280618
66966582
60711550
39974364
65496996
58685193
63637684
18985648
33036602
45067821
69768313
37413274
55594399
66220746
61541055
59228474
59277560
39191716
57072982
53588836
66457777
54583949
68666539
47965732
27931887
60544987
55270848
65931006
46340453
37216618
46826874
40190356
45375592
31488356
49576276
37905117
44147444
65182916
56981283
28533265
22696946
69326541
39282706
57770498
67089664
61579613
33079368
51226769
42902470
56519455
46756074
40236350
61614606
59756692
68508453
58226967
51188728
48502821
69897731
59407483
39638765
59222535
48486871
50527102
59739099
65820743
38694520
28618877
45598028
61243770
28247529
69037650
64501410
28933816
43534214
27249163
61307425
64511453
67107842
67164875
59271491
64740087
69284449
59324882
39561885
55655348
54905702
66377720
37109946
39084705
66651437
54097487
58270055
57337275
44389633
50543591
62681824
54837000
43726799
57467459
34105633
39625120
47307917
46888108
45210381
64251437
33761315
53998020
49396402
59309871
56986540
59857726
63230710
60703628
67975895
60375744
62142610
63706538
64915656
55972866
59625862
65653380
29038468
50118585
22094134
61293788
57147108
25251427
49509860
55062152
44693295
41623481
28080018
53652681
49835622
46493082
57738791
61230221
17089183
69366497
19269490
42065816
50968876
66626641
49740220
50233007
69182483
47050040
49699944
35704766
39602183
58414433
56243462
23072867
68843205
55582816
62658752
55366216
69588195
67713187
25510031
57153139
46566794
26723965
64755931
34216866
59290875
68280921
62894286
60271473
40030089
49950399
24955625
43755770
21119312
67940816
59798783
67750010
25364250
48213729
50038200
17172359
64069112
50398015
58200429
26311067
59907673
21092223
66115328
47735852
69566156
56343322
40672555
62258580
67925292
65971445
64230900
55646695
28548978
63923745
56457810
46304946
31777350
41177554
68400822
35264815
65196306
55772279
59501489
63739574
39515530
65968869
55629960
59676924
65537920
57661822
47524265
65611266
17093084
46660418
59173251
59770057
69385395
63040656
65208139
49735424
52308645
69281202
38466684
67195796
62366802
63485717
54835388
24556405
63959748
42052958
23506425
38842433
26033377
15605834
60215583
58390806
27913541
69840201
46422994
40812431
35412610
38006262
69831911
49462760
49700121
65876839
52279319
59751043
69743600
52299166
68814070
45293456
57020787
67408934
26894242
56648176
38988748
47991672
40060768
43813315
21093828
33716378
45101042
63366862
31146123
48086666
68472131
29313797
44573051
42607280
59502506
38385159
38213855
68644356
60934888
21217003
67458141
55560884
51472972
38004883
57762662
50511256
49840385
62587960
68165102
49384744
61172428
64620358
60482954
27001704
34048317
30003401
51258195
22173226
41384870
66210269
23464127
54838178
68220482
63402673
50653680
47440689
52620954
63554225
57757697
59619306
64783983
68960619
24426873
62465965
41150790
41132692
67718820
14899352
52784308
63604165
52097299
46067396
65633322
59897331
69492249
49334012
61640232
61620312
59689203
36283135
53055223
62290030
60723783
47166233
60400497
62374219
60910371
41940467
55072999
68524285
69397221
50485513
58306734
60330007
59960461
60079581
36495493
57137296
58684712
57996794
45908741
57318765
58843867
59236305
40074168
62247529
51458745
41399602
41840983
22661838
61987533
33214189
61712042
34774343
63705125
56754191
34639346
68938243
41622548
22689266
67454650
45720398
20728518
62775675
40068433
18638955
59135682
65124292
60695789
56478729
67675794
67785608
67921415
17469065
66081726
37555293
19206914
62399754
59246573
24350254
56639260
30462850
57962102
22855519
43793065
48798033
38274434
43769080
58330679
28771491
28235890
66250754
68657799
65601242
66517803
52371104
39411597
17944476
63086472
52548093
43069564
69607867
41630211
60999218
60535041
68715067
61759563
67118558
29491223
48196473
39414111
25446451
53588816
59223096
49253468
60119479
62600386
37352735
58733039
58947963
63834735
49815980
52254794
18649115
41826232
63353736
49510142
65008640
64881577
25112683
25038160
52374681
68821561
53910254
28435278
62628503
64149569
69472642
52307305
40492662
42195107
60304233
66345419
59781871
28981522
45778149
30612880
59548000
66109737
56753638
52249862
63708946
66394621
64155125
59116413
62187381
69830342
64550873
60670431
59424175
56734508
46613101
64654941
64479044
37569398
58001377
47201418
51584457
29809590
63719377
45152143
60719694
56523368
49801303
31167637
40223922
53462948
21682355
25387669
32703179
61463445
66459786
24595634
63224183
43613275
56871896
41975916
30635069
32821020
48500819
42221064
37523740
63915771
49024413
17676150
63108987
34717820
34500054
65649356
32134274
61023159
54275677
50180640
45152778
56468227
39390349
60850259
45262674
19802732
58473316
66828455
65573008
60098770
25551883
69796344
63844928
68374615
66165615
31397022
51630088
54262587
67880585
24844251
59588156
49949849
42932235
57372223
55267341
66319213
32058421
59085797
64885767
59394441
60450477
40698944
68480832
55669054
52537581
43942843
68012445
58628603
21356915
41634621
64450428
60396623
65059466
66688147
57726839
29078772
65305649
34257639
38585843
61272190
44828593
50553709
51788834
26032628
51145575
64943662
65680828
47902661
53953222
56948088
49889489
48293400
53086382
41064665
30402519
50130608
60584589
61802413
61478493
62807434
45362547
37093890
60685733
57131984
59890600
26116409
62427500
25551853
50481988
57768830
63140724
17047211
54498713
51790955
63362071
67450008
25093946
61021183
63938734
68371467
53502955
24646517
29457508
48582118
35481082
58568857
60703487
58337903
58323381
64950417
43487463
50369101
60204022
67934288
58969298
46687673
64760493
58215307
31677102
64032928
59136961
46170644
67371405
48307241
61459111
31800809
52496379
32388263
46601854
64874334
60038211
55761524
66490626
65537846
67713560
55873506
68208276
53926356
69422049
59787565
36339927
56665885
22441247
58133753
64874399
62041407
danger
58572379
23864353
61518044
28691559
36181640
45636085
67866054
57216822
49218167
27987810
57478812
61518173
32871288
68903349
67447051
33795332
25474543
53150233
61381164
37941501
66161738
45474261
63154454
58239354
24503545
49211563
19584285
68277055
68754154
69944003
63315497
48471152
57777096
65495164
17063722
43630933
65678844
67964587
63549515
62698657
31767990
24086388
19082949
61523993
69768221
57824883
42425323
64605741
26826839
32490524
40654780
49127218
49480444
67365046
68610826
60160241
26321797
66593788
57698911
58294920
68497216
68424707
37483453
56693278
23126628
60554209
44398271
62726531
62817545
69871707
68479630
57990296
58080124
25565111
57146753
56538390
67577943
69772524
65628656
64999431
59431983
27913950
24296897
33412786
69367812
67139296
68986067
54538153
52492889
69857826
55238708
47270416
50193335
35253506
68353048
45380136
65072183
58133541
58762655
62709745
26496302
33215042
42064740
50976282
69437046
28115799
50595736
63014975
38873793
46739856
66587304
62425940
55229909
61622340
60425099
61772135
51220429
47015903
43444911
43129121
68250255
55668126
63487217
57618100
65277672
27178198
64839003
60023159
19453344
50591318
61451464
69995430
32289390
49509939
30545201
48680301
19959179
58530749
30803656
49428720
30721747
48865004
36117583
57081489
62088347
23020145
66320203
65625379
63310056
50689611
61192816
59003820
58789633
52601317
41966582
33046938
63524740
49036638
32259142
60555544
26842080
51035905
69101158
68150394
19400055
59765442
65640755
68526496
21352165
23643344
67247162
51697663
54962037
55795412
67415651
69051034
52670074
58908558
33316097
23283076
60573027
34673061
55339610
47902194
49055452
59106861
56414064
59737563
49474604
33338174
62430679
66961130
26345497
60959464
57631735
62975473
59441864
69113239
18813767
30729119
57439536
62657417
50019371
59207064
51893267
65526205
66457567
53294846
31933330
56583737
61787917
20877312
54715342
48834511
50072478
68520290
31871215
25724918
56346556
26561564
27347429
68276124
35875229
63019688
62100414
63416584
30139817
59265425
51953647
55041411
68862260
59579203
60619312
64376895
37086659
50309450
64325676
54064584
62563444
50547827
48519675
65237779
31903182
22939356
56623138
51073223
67789517
44143653
33145731
45409197
50312426
58218113
66769138
48094896
61437863
61562474
60003302
67929651
68549693
37099479
56995886
54127291
42746234
36618954
52647049
56457632
61457855
20871784
34550451
58925389
43768703
54213548
67128271
44051376
44680102
29726446
69894820
57714559
66755004
19547750
24396694
51457192
50071477
37312808
53327314
52371973
54893479
61953296
23782874
45435797
37902348
37423257
60998385
29841468
50160933
48793995
48843397
39165866
68615126
66946801
48455636
50564881
69600435
45749395
65784662
41985866
47945299
64253155
60574314
65451205
42279485
64041487
64134119
59488364
57608380
60360378
64460671
62046276
55549727
64173448
54312249
43847692
63316454
63307665
61230403
66522074
60604689
53288132
30468465
61950318
69275136
56681783
62802547
68311334
66819918
65664891
56856436
50415308
46909130
63200225
18153136
45219015
49370474
36739390
66942528
39937873
24465600
68851319
64125196
61363294
61426831
68665872
66209692
64145869
26862711
59978344
62526082
57795177
43256819
46854391
67693322
46222339
51008711
49064530
40448422
39146646
63078810
60936598
60162417
68132045
43970593
26155583
43885910
61931247
66733146
40260549
55967420
60565092
64459955
68370178
67984702
60367194
20920683
57676720
59940643
54780099
19768607
66659825
58980204
57983277
54468630
29759601
64031681
66066099
29732100
57667299
34135798
68650443
35464127
63233981
66211663
47806753
33181333
68027460
42699461
34938218
31081001
49820135
43083995
42784686
50979145
47860157
53768981
25070812
48474407
47785384
68278210
33731964
40774010
67259253
55687760
40623051
58158428
37509748
43700948
58326409
66780609
51382392
52206910
64382953
67655765
62327710
59464123
60552712
65201125
25634628
52418824
69387059
68793419
68791921
35157250
59983743
53834064
66460537
68978358
21541334
38214271
61184274
55879177
62088598
26298819
53676678
48425250
59390341
52479369
65001738
27525390
49707222
42654481
44336522
66560163
30860276
54238466
19737840
67553759
47773561
45196906
44320646
57397733
36291715
62003807
55982224
44770967
40362661
58919989
63982719
61561341
58892418
68891848
59086672
54067704
34643541
60771483
54681545
23307973
58044716
61027261
58937601
57569552
59236545
64556794
65823459
62956841
65370998
40828840
41351428
51833219
39292710
14945621
68148599
51840245
51914566
30010022
18105729
69059761
58590242
60849419
40966306
59310716
56461216
19022338
31310811
52723694
50290380
68683536
34842191
51083215
34442393
60939842
60473785
67293782
63314138
62404057
22585099
34541727
58458343
